# Made in Blockbench 4.9.3
mtllib pose1.mtl

o Body
v 0.25 1.111251555725352 0.18989114432221188
v 0.25 1.1330404914122665 -0.05915753020072456
v 0.25 0.36410553215654273 0.12452433726146817
v 0.25 0.38589446784345727 -0.12452433726146817
v -0.25 1.1330404914122665 -0.05915753020072456
v -0.25 1.111251555725352 0.18989114432221188
v -0.25 0.38589446784345727 -0.12452433726146817
v -0.25 0.36410553215654273 0.12452433726146817
vt 0.3125 0.6875
vt 0.4375 0.6875
vt 0.4375 0.5
vt 0.3125 0.5
vt 0.25 0.6875
vt 0.3125 0.6875
vt 0.3125 0.5
vt 0.25 0.5
vt 0.5 0.6875
vt 0.625 0.6875
vt 0.625 0.5
vt 0.5 0.5
vt 0.4375 0.6875
vt 0.5 0.6875
vt 0.5 0.5
vt 0.4375 0.5
vt 0.4375 0.6875
vt 0.3125 0.6875
vt 0.3125 0.75
vt 0.4375 0.75
vt 0.5625 0.75
vt 0.4375 0.75
vt 0.4375 0.6875
vt 0.5625 0.6875
vn 0 0.08715574274765818 -0.9961946980917455
vn 1 0 0
vn 0 -0.08715574274765818 0.9961946980917455
vn -1 0 0
vn 0 0.9961946980917455 0.08715574274765818
vn 0 -0.9961946980917455 -0.08715574274765818
usemtl m_3b1afff0-54a8-5727-f116-a1bd028fadf8
f 4/4/1 7/3/1 5/2/1 2/1/1
f 3/8/2 4/7/2 2/6/2 1/5/2
f 8/12/3 3/11/3 1/10/3 6/9/3
f 7/16/4 8/15/4 6/14/4 5/13/4
f 6/20/5 1/19/5 2/18/5 5/17/5
f 7/24/6 4/23/6 3/22/6 8/21/6
o Body Layer
v 0.265625 1.1254552894026033 0.20681849496032756
v 0.265625 1.149967842050382 -0.07336126387797592
v 0.265625 0.34717818151842694 0.13872807093871953
v 0.265625 0.3716907341662059 -0.14145168789958384
v -0.265625 1.149967842050382 -0.07336126387797592
v -0.265625 1.1254552894026033 0.20681849496032756
v -0.265625 0.3716907341662059 -0.14145168789958384
v -0.265625 0.34717818151842694 0.13872807093871953
vt 0.3125 0.4375
vt 0.4375 0.4375
vt 0.4375 0.25
vt 0.3125 0.25
vt 0.25 0.4375
vt 0.3125 0.4375
vt 0.3125 0.25
vt 0.25 0.25
vt 0.5 0.4375
vt 0.625 0.4375
vt 0.625 0.25
vt 0.5 0.25
vt 0.4375 0.4375
vt 0.5 0.4375
vt 0.5 0.25
vt 0.4375 0.25
vt 0.4375 0.4375
vt 0.3125 0.4375
vt 0.3125 0.5
vt 0.4375 0.5
vt 0.5625 0.5
vt 0.4375 0.5
vt 0.4375 0.4375
vt 0.5625 0.4375
vn 0 0.08715574274765818 -0.9961946980917455
vn 1 0 0
vn 0 -0.08715574274765818 0.9961946980917455
vn -1 0 0
vn 0 0.9961946980917455 0.08715574274765818
vn 0 -0.9961946980917455 -0.08715574274765818
usemtl m_3b1afff0-54a8-5727-f116-a1bd028fadf8
f 12/28/7 15/27/7 13/26/7 10/25/7
f 11/32/8 12/31/8 10/30/8 9/29/8
f 16/36/9 11/35/9 9/34/9 14/33/9
f 15/40/10 16/39/10 14/38/10 13/37/10
f 14/44/11 9/43/11 10/42/11 13/41/11
f 15/48/12 12/47/12 11/46/12 16/45/12
o Head
v 0.2698945104716379 1.6008378529346152 0.3355724430413668
v 0.22633722145174684 1.6443532711147295 -0.1606222475326533
v 0.2708277820197226 1.1027575836660133 0.29180973780580644
v 0.22727049299983137 1.1462730018461271 -0.20438495276821356
v -0.2717610535678071 1.639614732740207 -0.11731341844875887
v -0.2282037645479159 1.5960993145600932 0.3788812721252611
v -0.2708277820197226 1.1415344634716051 -0.16107612368431923
v -0.22727049299983137 1.0980190452914913 0.3351185668897009
vt 0.125 0.875
vt 0.25 0.875
vt 0.25 0.75
vt 0.125 0.75
vt 0 0.875
vt 0.125 0.875
vt 0.125 0.75
vt 0 0.75
vt 0.375 0.875
vt 0.5 0.875
vt 0.5 0.75
vt 0.375 0.75
vt 0.25 0.875
vt 0.375 0.875
vt 0.375 0.75
vt 0.25 0.75
vt 0.25 0.875
vt 0.125 0.875
vt 0.125 1
vt 0.25 1
vt 0.375 1
vt 0.25 1
vt 0.25 0.875
vt 0.375 0.875
vn -0.08711457803978231 0.08703083636022774 -0.9923893811480401
vn 0.9961965500391079 0.009477076749043856 -0.08661765816778881
vn 0.08711457803978231 -0.08703083636022774 0.9923893811480401
vn -0.9961965500391079 -0.009477076749043856 0.08661765816778881
vn -0.0018665430961691404 0.9961605385372039 0.0875254104711206
vn 0.0018665430961691404 -0.9961605385372039 -0.0875254104711206
usemtl m_3b1afff0-54a8-5727-f116-a1bd028fadf8
f 20/52/13 23/51/13 21/50/13 18/49/13
f 19/56/14 20/55/14 18/54/14 17/53/14
f 24/60/15 19/59/15 17/58/15 22/57/15
f 23/64/16 24/63/16 22/62/16 21/61/16
f 22/68/17 17/67/17 18/66/17 21/65/17
f 23/72/18 20/71/18 19/70/18 24/69/18
o Hat Layer
v 0.303689653752348 1.6295443147760533 0.36661297846172214
v 0.2546877036049705 1.6784991602286814 -0.19160604843405038
v 0.3047395842439431 1.0692040118488761 0.3173799350717168
v 0.2557376340965656 1.1181588573015042 -0.24083909182405572
v -0.30567285579202774 1.6731683045573442 -0.14288361571466923
v -0.2566709056446502 1.6242134591047162 0.4153354111811033
v -0.3046229253004326 1.112828001630167 -0.19211665910467457
v -0.2556209751530551 1.063873156177539 0.36610236779109795
vt 0.625 0.875
vt 0.75 0.875
vt 0.75 0.75
vt 0.625 0.75
vt 0.5 0.875
vt 0.625 0.875
vt 0.625 0.75
vt 0.5 0.75
vt 0.875 0.875
vt 1 0.875
vt 1 0.75
vt 0.875 0.75
vt 0.75 0.875
vt 0.875 0.875
vt 0.875 0.75
vt 0.75 0.75
vt 0.75 0.875
vt 0.625 0.875
vt 0.625 1
vt 0.75 1
vt 0.875 1
vt 0.75 1
vt 0.75 0.875
vt 0.875 0.875
vn -0.08711457803978231 0.08703083636022774 -0.9923893811480401
vn 0.9961965500391079 0.009477076749043856 -0.08661765816778881
vn 0.08711457803978231 -0.08703083636022774 0.9923893811480401
vn -0.9961965500391079 -0.009477076749043856 0.08661765816778881
vn -0.0018665430961691404 0.9961605385372039 0.0875254104711206
vn 0.0018665430961691404 -0.9961605385372039 -0.0875254104711206
usemtl m_3b1afff0-54a8-5727-f116-a1bd028fadf8
f 28/76/19 31/75/19 29/74/19 26/73/19
f 27/80/20 28/79/20 26/78/20 25/77/20
f 32/84/21 27/83/21 25/82/21 30/81/21
f 31/88/22 32/87/22 30/86/22 29/85/22
f 30/92/23 25/91/23 26/90/23 29/89/23
f 31/96/24 28/95/24 27/94/24 32/93/24
o Left Arm
v -0.2838391447150299 0.9478621382056671 0.23296265477264422
v -0.27402664896808493 1.1697265274487854 0.11815887559706839
v -0.11963585740170007 0.6058320592618027 -0.41399383953987934
v -0.1098233616547552 0.8276964485049207 -0.5287976187154549
v -0.45682960210007784 1.157223627361062 0.07837184485062032
v -0.4666420978470228 0.9353592381179439 0.19317562402619615
v -0.29262631478674805 0.8151935484171977 -0.5685846494619029
v -0.30243881053369304 0.5933291591740795 -0.4537808702863273
vt 0.5625 0.1875
vt 0.609375 0.1875
vt 0.609375 0
vt 0.5625 0
vt 0.5 0.1875
vt 0.5625 0.1875
vt 0.5625 0
vt 0.5 0
vt 0.671875 0.1875
vt 0.71875 0.1875
vt 0.71875 0
vt 0.671875 0
vt 0.609375 0.1875
vt 0.671875 0.1875
vt 0.671875 0
vt 0.609375 0
vt 0.609375 0.1875
vt 0.5625 0.1875
vt 0.5625 0.25
vt 0.609375 0.25
vt 0.65625 0.25
vt 0.609375 0.25
vt 0.609375 0.1875
vt 0.65625 0.1875
vn 0.03924998298777956 0.8874575569724726 -0.45921511670230275
vn 0.9749490833706291 0.06668213380118991 0.21219749731438967
vn -0.03924998298777956 -0.8874575569724726 0.45921511670230275
vn -0.9749490833706291 -0.06668213380118991 -0.21219749731438967
vn -0.21893771641777304 0.45604010525848576 0.8626086590833645
vn 0.21893771641777304 -0.45604010525848576 -0.8626086590833645
usemtl m_3b1afff0-54a8-5727-f116-a1bd028fadf8
f 36/100/25 39/99/25 37/98/25 34/97/25
f 35/104/26 36/103/26 34/102/26 33/101/26
f 40/108/27 35/107/27 33/106/27 38/105/27
f 39/112/28 40/111/28 38/110/28 37/109/28
f 38/116/29 33/115/29 34/114/29 37/113/29
f 39/120/30 36/119/30 35/118/30 40/117/30
o Left Arm Layer
v -0.27263974809057556 0.9421631488632793 0.25693173716483253
v -0.26160069037526257 1.1917605867617875 0.12777748559230995
v -0.10159465713919036 0.5858818166300874 -0.41698127774404603
v -0.09055559942387736 0.8354792545285954 -0.5461355293165686
v -0.4748708023625876 1.1771738699927772 0.08135928305478712
v -0.4859098600779006 0.9275764320942692 0.2105135346273097
v -0.3038257114112024 0.820892537759585 -0.5925537318540914
v -0.3148647691265154 0.5712950998610773 -0.46339948028156874
vt 0.8125 0.1875
vt 0.859375 0.1875
vt 0.859375 0
vt 0.8125 0
vt 0.75 0.1875
vt 0.8125 0.1875
vt 0.8125 0
vt 0.75 0
vt 0.921875 0.1875
vt 0.96875 0.1875
vt 0.96875 0
vt 0.921875 0
vt 0.859375 0.1875
vt 0.921875 0.1875
vt 0.921875 0
vt 0.859375 0
vt 0.859375 0.1875
vt 0.8125 0.1875
vt 0.8125 0.25
vt 0.859375 0.25
vt 0.90625 0.25
vt 0.859375 0.25
vt 0.859375 0.1875
vt 0.90625 0.1875
vn 0.03924998298777956 0.8874575569724726 -0.45921511670230275
vn 0.9749490833706291 0.06668213380118991 0.21219749731438967
vn -0.03924998298777956 -0.8874575569724726 0.45921511670230275
vn -0.9749490833706291 -0.06668213380118991 -0.21219749731438967
vn -0.21893771641777304 0.45604010525848576 0.8626086590833645
vn 0.21893771641777304 -0.45604010525848576 -0.8626086590833645
usemtl m_3b1afff0-54a8-5727-f116-a1bd028fadf8
f 44/124/31 47/123/31 45/122/31 42/121/31
f 43/128/32 44/127/32 42/126/32 41/125/32
f 48/132/33 43/131/33 41/130/33 46/129/33
f 47/136/34 48/135/34 46/134/34 45/133/34
f 46/140/35 41/139/35 42/138/35 45/137/35
f 47/144/36 44/143/36 43/142/36 48/141/36
o Right Arm
v 0.4679315145670261 0.941660450508345 0.19441655798765756
v 0.456770867824312 1.1582938263874523 0.07013695218080884
v 0.29871891963713726 0.5715329016350283 -0.43556177122861317
v 0.28755827289442315 0.7881662775141358 -0.559841377035462
v 0.27429722976328064 1.172292535394945 0.11092491068445631
v 0.28545787650599475 0.9556591595158377 0.23520451649130503
v 0.10508463483339181 0.8021649865216283 -0.5190534185318146
v 0.11624528157610592 0.5855316106425208 -0.3947738127249657
vt 0.6875 0.6875
vt 0.734375 0.6875
vt 0.734375 0.5
vt 0.6875 0.5
vt 0.625 0.6875
vt 0.6875 0.6875
vt 0.6875 0.5
vt 0.625 0.5
vt 0.796875 0.6875
vt 0.84375 0.6875
vt 0.84375 0.5
vt 0.796875 0.5
vt 0.734375 0.6875
vt 0.796875 0.6875
vt 0.796875 0.5
vt 0.734375 0.5
vt 0.734375 0.6875
vt 0.6875 0.6875
vt 0.6875 0.75
vt 0.734375 0.75
vt 0.78125 0.75
vt 0.734375 0.75
vt 0.734375 0.6875
vt 0.78125 0.6875
vn -0.04464258697085663 0.8665335035164294 -0.49711842322739547
vn 0.9731927363255009 -0.07465978137329332 -0.21753577868612
vn 0.04464258697085663 -0.8665335035164294 0.49711842322739547
vn -0.9731927363255009 0.07465978137329332 0.21753577868612
vn 0.22561679323985182 0.49350339849775543 0.8399711056216944
vn -0.22561679323985182 -0.49350339849775543 -0.8399711056216944
usemtl m_3b1afff0-54a8-5727-f116-a1bd028fadf8
f 52/148/37 55/147/37 53/146/37 50/145/37
f 51/152/38 52/151/38 50/150/38 49/149/38
f 56/156/39 51/155/39 49/154/39 54/153/39
f 55/160/40 56/159/40 54/158/40 53/157/40
f 54/164/41 49/163/41 50/162/41 53/161/41
f 55/168/42 52/167/42 51/166/42 56/165/42
o Right Arm Layer
v 0.4873604538879044 0.9346652960334705 0.21190958533395388
v 0.47480472630235093 1.1783778438974664 0.07209502880124874
v 0.3110973341692702 0.5491157659570991 -0.44431784093299487
v 0.29854160658371676 0.7928283138210948 -0.5841323974656998
v 0.2619188152311478 1.1947096710728742 0.11968098038883745
v 0.27447454281670125 0.9509971232088783 0.2594955369215426
v 0.08565569551251351 0.8091601409965028 -0.536546445878111
v 0.09821142309806696 0.5654475931325069 -0.39673188934540604
vt 0.6875 0.4375
vt 0.734375 0.4375
vt 0.734375 0.25
vt 0.6875 0.25
vt 0.625 0.4375
vt 0.6875 0.4375
vt 0.6875 0.25
vt 0.625 0.25
vt 0.796875 0.4375
vt 0.84375 0.4375
vt 0.84375 0.25
vt 0.796875 0.25
vt 0.734375 0.4375
vt 0.796875 0.4375
vt 0.796875 0.25
vt 0.734375 0.25
vt 0.734375 0.4375
vt 0.6875 0.4375
vt 0.6875 0.5
vt 0.734375 0.5
vt 0.78125 0.5
vt 0.734375 0.5
vt 0.734375 0.4375
vt 0.78125 0.4375
vn -0.04464258697085663 0.8665335035164294 -0.49711842322739547
vn 0.9731927363255009 -0.07465978137329332 -0.21753577868612
vn 0.04464258697085663 -0.8665335035164294 0.49711842322739547
vn -0.9731927363255009 0.07465978137329332 0.21753577868612
vn 0.22561679323985182 0.49350339849775543 0.8399711056216944
vn -0.22561679323985182 -0.49350339849775543 -0.8399711056216944
usemtl m_3b1afff0-54a8-5727-f116-a1bd028fadf8
f 60/172/43 63/171/43 61/170/43 58/169/43
f 59/176/44 60/175/44 58/174/44 57/173/44
f 64/180/45 59/179/45 57/178/45 62/177/45
f 63/184/46 64/183/46 62/182/46 61/181/46
f 62/188/47 57/187/47 58/186/47 61/185/47
f 63/192/48 60/191/48 59/190/48 64/189/48
o Left Leg
v -0.20569112190494654 0.24955075866358745 0.011883987968177356
v -0.20843005287826621 0.49765172779011346 -0.01874944761456493
v 0.3456406981580534 0.19324278698010577 -0.4934501950344294
v 0.34290176718473386 0.4413437561066318 -0.5240836306171716
v -0.37789512909035794 0.4732873768030216 -0.20092509457487562
v -0.37515619811703826 0.22518640767649556 -0.1702916589921334
v 0.17343669097264214 0.4169794051195399 -0.7062592775774823
v 0.1761756219459618 0.1688784359930139 -0.6756258419947401
vt 0.3125 0.1875
vt 0.375 0.1875
vt 0.375 0
vt 0.3125 0
vt 0.25 0.1875
vt 0.3125 0.1875
vt 0.3125 0
vt 0.25 0
vt 0.4375 0.1875
vt 0.5 0.1875
vt 0.5 0
vt 0.4375 0
vt 0.375 0.1875
vt 0.4375 0.1875
vt 0.4375 0
vt 0.375 0
vt 0.375 0.1875
vt 0.3125 0.1875
vt 0.3125 0.25
vt 0.375 0.25
vt 0.4375 0.25
vt 0.375 0.25
vt 0.375 0.1875
vt 0.4375 0.1875
vn -0.010955723893278403 0.9924038765061038 -0.12253374233096878
vn 0.6778603048483666 0.09745740394836759 0.7287025878412429
vn 0.010955723893278403 -0.9924038765061038 0.12253374233096878
vn -0.6778603048483666 -0.09745740394836759 -0.7287025878412429
vn -0.7351090934173333 0.0750772955779756 0.6737789106701424
vn 0.7351090934173333 -0.0750772955779756 -0.6737789106701424
usemtl m_3b1afff0-54a8-5727-f116-a1bd028fadf8
f 68/196/49 71/195/49 69/194/49 66/193/49
f 67/200/50 68/199/50 66/198/50 65/197/50
f 72/204/51 67/203/51 65/202/51 70/201/51
f 71/208/52 72/207/52 70/206/52 69/205/52
f 70/212/53 65/211/53 66/210/53 69/209/53
f 71/216/54 68/215/54 67/214/54 72/213/54
o Left Leg Layer
v -0.20641445104050427 0.23674030277327873 0.03571235110633908
v -0.2094957483854888 0.5158538930406205 0.001249736075754182
v 0.36788952819178755 0.1780861656029853 -0.49067742285470956
v 0.3648082308468029 0.457199755870327 -0.5251400378852945
v -0.40014395912409195 0.48844399818014206 -0.2036978667545954
v -0.39706266177910743 0.20933040791280044 -0.16923525172401038
v 0.17416002010819986 0.4297898610098486 -0.730087640715644
v 0.1772413174531844 0.1506762707425069 -0.6956250256850591
vt 0.0625 0.1875
vt 0.125 0.1875
vt 0.125 0
vt 0.0625 0
vt 0 0.1875
vt 0.0625 0.1875
vt 0.0625 0
vt 0 0
vt 0.1875 0.1875
vt 0.25 0.1875
vt 0.25 0
vt 0.1875 0
vt 0.125 0.1875
vt 0.1875 0.1875
vt 0.1875 0
vt 0.125 0
vt 0.125 0.1875
vt 0.0625 0.1875
vt 0.0625 0.25
vt 0.125 0.25
vt 0.1875 0.25
vt 0.125 0.25
vt 0.125 0.1875
vt 0.1875 0.1875
vn -0.010955723893278403 0.9924038765061038 -0.12253374233096878
vn 0.6778603048483666 0.09745740394836759 0.7287025878412429
vn 0.010955723893278403 -0.9924038765061038 0.12253374233096878
vn -0.6778603048483666 -0.09745740394836759 -0.7287025878412429
vn -0.7351090934173333 0.0750772955779756 0.6737789106701424
vn 0.7351090934173333 -0.0750772955779756 -0.6737789106701424
usemtl m_3b1afff0-54a8-5727-f116-a1bd028fadf8
f 76/220/55 79/219/55 77/218/55 74/217/55
f 75/224/56 76/223/56 74/222/56 73/221/56
f 80/228/57 75/227/57 73/226/57 78/225/57
f 79/232/58 80/231/58 78/230/58 77/229/58
f 78/236/59 73/235/59 74/234/59 77/233/59
f 79/240/60 76/239/60 75/238/60 80/237/60
o Right Leg
v 0.39595193016747565 0.26593413035487845 -0.04016820532516818
v 0.3819462722796705 0.5149828048778149 -0.056859498429605804
v 0.02275856066822557 0.20156039197180586 -0.6875341997737366
v 0.008752902780420513 0.4506090664947422 -0.7042254928781743
v 0.1655461072340454 0.5111991959024806 0.06826704899877967
v 0.17955176512185056 0.2621505213795441 0.08495834210321729
v -0.20764726226520458 0.44682545751940794 -0.5790989454497888
v -0.19364160437739952 0.1977767829964715 -0.5624076523453513
vt 0.0625 0.6875
vt 0.125 0.6875
vt 0.125 0.5
vt 0.0625 0.5
vt 0 0.6875
vt 0.0625 0.6875
vt 0.0625 0.5
vt 0 0.5
vt 0.1875 0.6875
vt 0.25 0.6875
vt 0.25 0.5
vt 0.1875 0.5
vt 0.125 0.6875
vt 0.1875 0.6875
vt 0.1875 0.5
vt 0.125 0.5
vt 0.125 0.6875
vt 0.0625 0.6875
vt 0.0625 0.75
vt 0.125 0.75
vt 0.1875 0.75
vt 0.125 0.75
vt 0.125 0.6875
vt 0.1875 0.6875
vn -0.05602263155122041 0.9961946980917457 -0.06676517241775042
vn 0.8656006601825005 0.015134435901337229 -0.5005061897135417
vn 0.05602263155122041 -0.9961946980917457 0.06676517241775042
vn -0.8656006601825005 -0.015134435901337229 0.5005061897135417
vn 0.49759115933233344 0.08583165117743018 0.8631546592647579
vn -0.49759115933233344 -0.08583165117743018 -0.8631546592647579
usemtl m_3b1afff0-54a8-5727-f116-a1bd028fadf8
f 84/244/61 87/243/61 85/242/61 82/241/61
f 83/248/62 84/247/62 82/246/62 81/245/62
f 88/252/63 83/251/63 81/250/63 86/249/63
f 87/256/64 88/255/64 86/254/64 85/253/64
f 86/260/65 81/259/65 82/258/65 85/257/65
f 87/264/66 84/263/66 83/262/66 88/261/66
o Right Leg Layer
v 0.41812715596538264 0.2519461833078007 -0.033458617169403126
v 0.402370790841602 0.5321259421461042 -0.05223632191189531
v 0.02938406273699723 0.18489020582543336 -0.7077981947199952
v 0.013627697613216583 0.46506996466373685 -0.7265758994624876
v 0.15892060516527384 0.5278693820488529 0.0885310439450383
v 0.1746769702890545 0.24768962321054955 0.10730874868753049
v -0.22982248806311167 0.4608134045664858 -0.585808533605554
v -0.21406612293933092 0.1806336457281823 -0.5670308288630617
vt 0.0625 0.4375
vt 0.125 0.4375
vt 0.125 0.25
vt 0.0625 0.25
vt 0 0.4375
vt 0.0625 0.4375
vt 0.0625 0.25
vt 0 0.25
vt 0.1875 0.4375
vt 0.25 0.4375
vt 0.25 0.25
vt 0.1875 0.25
vt 0.125 0.4375
vt 0.1875 0.4375
vt 0.1875 0.25
vt 0.125 0.25
vt 0.125 0.4375
vt 0.0625 0.4375
vt 0.0625 0.5
vt 0.125 0.5
vt 0.1875 0.5
vt 0.125 0.5
vt 0.125 0.4375
vt 0.1875 0.4375
vn -0.05602263155122041 0.9961946980917457 -0.06676517241775042
vn 0.8656006601825005 0.015134435901337229 -0.5005061897135417
vn 0.05602263155122041 -0.9961946980917457 0.06676517241775042
vn -0.8656006601825005 -0.015134435901337229 0.5005061897135417
vn 0.49759115933233344 0.08583165117743018 0.8631546592647579
vn -0.49759115933233344 -0.08583165117743018 -0.8631546592647579
usemtl m_3b1afff0-54a8-5727-f116-a1bd028fadf8
f 92/268/67 95/267/67 93/266/67 90/265/67
f 91/272/68 92/271/68 90/270/68 89/269/68
f 96/276/69 91/275/69 89/274/69 94/273/69
f 95/280/70 96/279/70 94/278/70 93/277/70
f 94/284/71 89/283/71 90/282/71 93/281/71
f 95/288/72 92/287/72 91/286/72 96/285/72